100	10
9	385	2	304	3	104	6	401	1	486	8	107	0	149	5	458	7	400	4	176
0	63	5	88	2	240	1	469	8	220	9	358	4	31	7	277	3	478	6	26
4	244	2	298	1	314	8	132	0	97	6	345	3	120	7	278	5	361	9	424
8	296	7	206	9	260	5	448	0	262	3	393	2	60	6	486	1	363	4	168
3	479	7	335	9	133	0	40	8	486	2	215	6	37	4	448	5	169	1	407
1	1	9	155	3	69	5	137	6	385	0	85	2	113	8	220	7	106	4	98
6	89	3	394	7	494	8	44	5	161	4	490	2	474	9	196	1	429	0	398
1	416	0	388	5	243	6	197	8	319	3	288	7	11	9	238	4	123	2	185
7	311	5	302	0	430	6	425	8	60	3	49	9	371	1	473	4	221	2	403
4	22	9	146	2	492	0	186	3	253	8	5	1	494	6	386	5	478	7	481
4	170	6	6	1	43	8	409	5	293	2	326	0	265	9	189	3	164	7	173
6	325	3	279	2	281	1	298	8	123	7	127	9	158	5	20	4	150	0	271
4	321	2	180	0	36	3	70	7	264	9	10	6	255	5	234	1	41	8	193
8	483	1	459	3	483	0	22	6	26	9	218	4	415	2	498	5	471	7	109
0	26	2	30	1	177	4	109	5	118	9	75	6	53	3	136	8	254	7	260
9	183	0	419	4	422	8	153	2	255	1	121	5	368	3	123	6	161	7	436
2	424	7	284	6	197	8	99	5	100	9	17	4	146	1	241	3	150	0	203
2	298	4	379	7	195	0	173	5	213	1	384	6	286	8	259	3	6	9	55
3	91	1	54	2	65	6	173	9	453	7	270	0	218	5	383	4	208	8	310
1	63	8	364	4	48	9	391	0	481	5	351	7	205	6	181	2	261	3	220
0	71	7	80	8	477	5	5	6	46	2	55	3	368	9	395	4	476	1	18
2	156	1	186	3	181	0	359	4	11	7	271	6	117	9	348	8	209	5	299
8	219	2	271	9	425	6	242	1	131	5	142	4	461	7	196	3	413	0	479
3	147	5	203	2	92	9	240	4	280	7	300	6	64	8	395	0	149	1	425
7	479	4	494	6	136	5	183	8	423	2	322	1	62	0	61	3	37	9	448
3	408	5	227	0	490	6	32	1	68	9	185	4	104	2	82	7	224	8	260
5	260	7	194	9	413	3	388	6	174	8	140	2	491	0	71	4	44	1	489
7	488	2	441	0	333	3	198	1	479	6	381	9	318	5	166	8	392	4	351
3	392	0	331	7	286	4	294	6	306	8	321	9	413	5	221	2	371	1	192
9	256	2	302	1	154	6	327	3	437	8	328	4	38	5	197	0	86	7	213
4	100	0	454	6	367	5	182	2	37	1	408	9	476	8	9	7	107	3	479
6	259	2	50	9	444	7	440	0	215	8	465	5	321	1	380	3	325	4	343
7	64	8	483	5	338	1	91	0	178	2	412	9	485	3	73	6	128	4	403
5	418	9	449	7	262	6	368	1	158	4	102	3	154	0	67	8	465	2	386
7	136	1	330	8	391	0	396	2	352	9	310	3	187	4	404	5	248	6	317
0	239	4	498	8	20	7	209	2	37	5	463	6	99	9	356	1	216	3	152
6	232	9	17	4	470	8	322	7	125	1	252	3	450	5	499	2	436	0	34
9	303	1	383	3	108	5	132	2	305	6	233	4	180	8	488	7	370	0	407
9	354	8	393	2	258	4	51	0	132	1	231	3	407	5	373	7	110	6	201
0	256	3	108	6	355	5	69	9	158	1	223	7	432	4	293	8	72	2	327
4	302	8	295	3	445	0	306	6	96	5	466	2	300	7	261	9	218	1	394
6	119	9	32	7	154	0	225	4	281	3	18	2	89	5	475	8	17	1	496
9	261	8	307	7	272	2	2	3	286	5	10	0	97	4	329	6	476	1	299
9	353	5	211	8	188	4	435	2	192	3	59	1	453	6	480	0	411	7	440
0	495	2	346	6	283	4	1	8	269	7	422	1	455	9	378	5	125	3	421
6	262	2	131	4	257	3	324	5	388	7	405	1	77	9	465	0	337	8	385
7	58	2	428	9	484	1	65	0	134	6	403	4	4	8	428	3	127	5	177
1	468	8	154	6	9	0	3	3	364	7	284	2	425	4	394	9	121	5	78
1	312	3	144	5	342	2	149	9	471	8	275	7	320	6	164	4	434	0	187
1	54	9	210	4	239	3	379	5	183	8	146	6	113	0	361	2	405	7	77
0	367	7	139	1	65	4	268	8	20	3	352	6	315	2	242	9	378	5	262
4	394	2	231	7	495	3	171	9	188	8	410	6	463	0	224	5	499	1	264
1	76	9	230	4	191	2	346	7	104	0	489	6	111	5	197	3	483	8	87
7	335	3	397	6	121	2	229	4	21	0	174	1	456	8	56	9	231	5	270
4	376	2	450	9	250	0	254	6	135	1	447	5	330	3	205	8	75	7	330
1	295	4	302	5	404	0	353	3	151	2	437	8	298	9	247	7	31	6	425
7	377	2	246	8	419	9	33	3	47	1	411	6	12	0	208	4	114	5	15
8	66	0	266	9	374	7	107	2	427	4	63	6	313	1	351	3	27	5	369
2	142	0	50	8	153	3	258	7	155	5	437	9	413	1	338	4	205	6	469
6	379	7	453	8	227	9	149	4	380	3	101	5	420	0	168	2	224	1	465
7	492	0	59	1	322	9	3	2	31	4	258	3	242	8	428	5	242	6	114
0	444	6	399	5	361	9	99	3	396	7	374	1	351	2	452	4	24	8	182
9	270	4	428	7	339	1	320	2	22	8	326	6	59	3	99	5	62	0	496
8	40	3	45	5	391	1	308	2	1	9	205	4	379	0	199	7	95	6	265
3	449	6	149	2	273	9	476	0	177	1	191	4	499	8	82	5	8	7	67
3	399	8	316	7	403	9	446	1	73	4	179	5	155	0	119	2	39	6	256
5	426	4	441	2	346	3	218	1	320	7	387	8	479	6	324	9	114	0	353
5	227	7	124	9	273	8	336	6	95	0	343	2	77	1	355	4	38	3	473
9	185	7	52	4	446	2	378	1	322	5	43	0	449	8	59	3	78	6	435
3	214	1	438	8	142	7	476	0	49	9	191	5	63	2	231	4	473	6	235
4	335	1	279	8	262	5	491	3	291	2	178	9	399	7	499	6	245	0	310
4	203	2	22	0	359	5	402	6	370	3	31	8	50	1	240	9	474	7	232
1	130	7	162	8	65	3	215	4	155	5	52	2	369	9	439	0	148	6	394
0	454	4	401	7	351	6	254	2	301	1	425	9	147	3	170	8	456	5	185
8	468	9	433	6	119	4	240	5	439	1	301	0	403	7	138	3	262	2	193
0	117	6	268	1	133	7	96	5	425	4	160	3	475	8	198	2	485	9	186
7	315	9	464	5	485	1	134	4	138	6	5	3	166	8	141	0	497	2	363
7	32	8	334	2	365	6	188	1	290	3	74	5	298	0	227	9	372	4	392
6	138	4	227	3	197	8	322	0	488	2	421	5	359	7	463	1	160	9	233
0	207	5	488	9	54	1	451	8	435	2	383	3	152	6	163	7	477	4	195
6	28	4	251	9	219	2	383	5	91	7	127	1	16	3	257	0	279	8	48
7	480	1	168	5	59	8	181	3	129	4	247	0	145	9	312	6	63	2	426
7	407	4	175	1	458	9	249	2	252	0	172	8	299	3	36	6	344	5	145
7	370	2	407	3	290	9	90	6	193	0	219	4	181	8	74	1	171	5	361
9	73	6	131	8	7	3	28	2	44	5	376	4	231	1	383	7	91	0	23
9	334	8	175	6	457	1	11	3	148	7	72	4	470	5	384	2	428	0	332
7	49	6	395	2	198	0	347	4	340	5	494	8	225	1	232	9	465	3	14
8	300	2	433	3	201	5	478	1	76	9	35	7	78	6	58	0	467	4	441
3	64	8	11	1	142	5	326	9	474	6	441	0	182	2	165	4	167	7	191
3	197	0	317	7	346	9	414	8	110	4	93	5	452	6	165	1	481	2	273
6	114	2	81	7	282	8	390	1	238	4	104	9	436	3	172	0	494	5	322
8	79	3	254	9	63	1	29	4	428	0	105	5	102	2	361	6	184	7	211
4	462	2	390	6	75	0	131	1	284	3	307	7	384	5	474	8	315	9	383
0	99	5	323	8	103	9	333	6	277	1	168	2	444	4	211	3	272	7	352
7	190	2	74	6	381	3	294	9	208	1	223	8	186	4	491	0	105	5	371
0	18	1	144	7	287	3	169	4	136	9	111	8	362	5	455	6	147	2	145
8	149	2	438	9	482	6	288	0	342	7	365	3	255	4	170	1	147	5	328
2	227	1	53	5	267	0	108	7	212	4	171	8	161	6	452	3	483	9	128
5	134	3	416	8	69	6	394	2	327	7	378	1	72	0	66	4	59	9	442
4	290	9	373	2	283	3	90	1	150	8	271	7	50	5	108	6	93	0	173
